$ANSIBLE_VAULT;1.1;AES256
63303630333466656261376335303937336633613466373533616437633637663066363030333332
3166653335363037303166316265396164663732623331340a663431613765653732323036393766
37666262393763646664356138366230323364316661393963636463343663376365626261656132
6539383737623939310a323562383533313463613764623435656637396530656632376662333738
38323431393066303637376363633966323530383434623130396138343831613338636532643030
65393464353136643866373433643337343639643134376163613731356531666530333866363964
32653538356439633665616535646536313732333232383038663230653831396432396465373462
37396434373537633264376131323964623166616439646230623931343934373837343763316331
62323330616235636164376362636538633363313962383939376566323435393432376233333663
38326530346161333665313766323464633332623835663335383565383332383636653062343235
34643661393632383966663864646633633962666164656139363661383233626631333130393962
64636562323461656438363364343565363734663636636138313837356165356431653631336664
35643137313863313933326439396639643263633536353030336438636234653865393838636539
32653063383339643164336435333564396638323862393266356130663065333635393033613836
32323536313837643534343364353638383361663534356536376334353962613731626536663364
34383534353438643966323964383663336631656362393539306161366261393431646635313935
66313065386336306662386336373837616233366466663239613634363564646166613561393234
39396164393163643165303030643763383137353230326138383665616631656565353339346664
31356563346661353164386135626666376664363661373762656665643663663733343766373031
30626331333439616539373934613438323234336334356233323439636635393766626432386639
36353436326137363838643630613763383363323130323931356662393938643136353762373234
63353466376438383265363834356163313865373462336561313663663463303334623135323061
38356236353065313461633966656131616534646433643931636636346236323835333962663266
30333630333732346234366430656633383464383237353438376338346562623064333137313364
33663162346337363039396362653331323434376465656635353335643539383462613030653933
63653162393435333465336437396233306631613533386632386663346630616131636264653538
61393739643363666261633033643964393339396231356230326530653735353965636262653437
66366435366161323336326338663531356237346464653531366536653231656239663435376131
37353230316337363432613565396233623439643231666331383033356238393133653564303362
36393939396232303761343564313430363632356233646265613334306131343763306434636561
34623338363732626661396263313665396661323133323037303032386364343264323138343565
34613336303263636435373235646238333131613932633734386536373235373036626261613166
61626161376663343437333338316431343434316531633665663666643465353737
